1 -88 -194 0
-163 -1 93 0
2 -174 -129 0
-48 -2 -42 0
169 -104 3 0
65 -3 -120 0
-161 4 -150 0
95 197 -4 0
52 187 5 0
-90 196 -5 0
-22 6 12 0
-190 -6 126 0
-87 139 7 0
-164 92 -7 0
8 19 112 0
-194 -199 -8 0
9 -173 191 0
121 -120 -9 0
10 -176 112 0
-10 140 -15 0
186 8 11 0
-160 -25 -11 0
12 102 -155 0
-138 -17 -12 0
-163 33 13 0
155 -39 -13 0
-43 14 -135 0
-14 72 20 0
198 15 185 0
8 -15 -146 0
-1 16 -40 0
102 -16 -173 0
17 178 -199 0
-17 -77 19 0
-127 174 18 0
93 -162 -18 0
19 118 -132 0
-13 -19 75 0
-7 -48 20 0
116 -84 -20 0
21 -45 114 0
-89 64 -21 0
196 56 22 0
-82 -22 -77 0
56 23 136 0
-56 -19 -23 0
149 160 24 0
129 -89 -24 0
25 -156 -144 0
-25 -37 -77 0
115 -23 26 0
-26 -104 189 0
-44 37 27 0
-165 171 -27 0
28 -86 -145 0
-31 -28 -184 0
-122 29 -164 0
-144 176 -29 0
30 -191 61 0
139 133 -30 0
31 94 143 0
89 39 -31 0
-48 32 50 0
-174 -100 -32 0
77 -114 33 0
-101 169 -33 0
64 34 -151 0
-21 126 -34 0
131 68 35 0
-35 161 -85 0
36 -159 40 0
-135 -36 51 0
85 -181 37 0
-37 117 169 0
137 38 -59 0
68 79 -38 0
-153 108 39 0
-39 52 153 0
194 40 19 0
1 -40 -48 0
189 41 32 0
-41 121 -174 0
105 42 13 0
-42 -4 -36 0
43 16 169 0
-167 -35 -43 0
31 44 -57 0
8 -187 -44 0
45 -87 44 0
-45 16 109 0
46 -176 70 0
-199 96 -46 0
47 -170 17 0
-47 -188 189 0
-119 -57 48 0
79 -48 146 0
49 31 -136 0
-186 -49 67 0
-24 50 -62 0
-140 96 -50 0
51 18 -70 0
50 -51 -174 0
-200 52 -187 0
-52 -124 43 0
-15 53 -182 0
-128 -53 -62 0
8 54 123 0
-170 -50 -54 0
-88 55 136 0
-55 -39 68 0
-159 181 56 0
-56 -87 -9 0
193 57 118 0
-143 153 -57 0
99 -135 58 0
-58 191 37 0
59 -79 163 0
-59 -11 179 0
180 60 152 0
120 -60 -47 0
-173 -48 61 0
108 118 -61 0
-44 62 -186 0
-62 -22 -198 0
63 -49 -133 0
-198 -63 -148 0
64 -48 -182 0
-64 85 -16 0
-58 65 111 0
59 -41 -65 0
66 86 180 0
50 -66 16 0
39 67 72 0
-57 -60 -67 0
119 68 175 0
-99 -68 100 0
37 69 -80 0
84 -35 -69 0
70 160 162 0
107 93 -70 0
71 -45 -69 0
-114 101 -71 0
72 -119 -61 0
-72 -149 -139 0
73 106 -192 0
-73 149 -168 0
106 46 74 0
-74 78 32 0
-35 75 -142 0
-176 1 -75 0
148 157 76 0
68 -76 -110 0
182 23 77 0
2 -77 -14 0
82 78 39 0
167 -78 -140 0
79 3 -2 0
-79 41 -193 0
195 80 -179 0
193 -80 -123 0
81 129 144 0
-50 -81 -143 0
-47 -2 82 0
-84 -82 56 0
187 85 83 0
-21 -105 -83 0
84 3 43 0
-12 -84 -141 0
90 148 85 0
-192 -85 -142 0
135 86 160 0
-176 -86 71 0
140 -89 87 0
7 -94 -87 0
-60 127 88 0
147 -88 53 0
-181 89 -157 0
-89 75 -195 0
-118 59 90 0
192 44 -90 0
91 -171 -99 0
-91 63 -133 0
92 26 89 0
-92 137 -53 0
164 3 93 0
-185 -93 -149 0
94 -155 162 0
193 -94 74 0
-6 117 95 0
-95 142 124 0
150 96 122 0
-168 -170 -96 0
97 -36 -61 0
24 -111 -97 0
98 -115 27 0
-8 -123 -98 0
99 143 53 0
155 -189 -99 0
93 100 -83 0
14 -100 143 0
123 101 171 0
-62 -101 97 0
102 -61 110 0
134 -102 76 0
6 103 81 0
-103 -123 83 0
104 -155 26 0
-187 79 -104 0
-118 -140 105 0
197 -105 172 0
149 12 106 0
-168 -106 -2 0
-113 14 107 0
-127 -49 -107 0
-63 108 92 0
29 -108 39 0
17 109 -23 0
87 -109 -71 0
144 57 110 0
-66 -110 -24 0
111 36 -98 0
-70 -111 175 0
154 112 40 0
42 110 -112 0
-125 166 113 0
-5 -125 -113 0
61 58 114 0
-109 -114 99 0
115 176 -72 0
68 -34 -115 0
28 116 -11 0
-116 98 66 0
144 -118 117 0
-136 -117 -200 0
-114 118 -178 0
-41 196 -118 0
-50 -114 119 0
-119 -134 -51 0
-124 -36 120 0
171 -120 -165 0
-88 -158 121 0
66 138 -121 0
122 195 180 0
-122 74 -195 0
123 -57 -56 0
-157 -123 157 0
-94 28 124 0
-124 -139 197 0
-163 -138 125 0
-125 93 115 0
126 187 -53 0
-126 158 -14 0
-40 127 186 0
-127 88 110 0
-90 128 75 0
-61 -128 16 0
129 -20 174 0
-15 55 -129 0
97 -11 130 0
-130 -91 11 0
131 -165 -192 0
196 -56 -131 0
132 71 -186 0
92 -34 -132 0
196 -166 133 0
-133 168 144 0
18 59 134 0
113 -22 -134 0
135 3 -40 0
70 -135 132 0
136 134 -183 0
-123 50 -136 0
137 121 93 0
-137 9 192 0
149 -89 138 0
105 -138 -123 0
-143 139 -177 0
-159 -139 -141 0
140 -149 35 0
188 80 -140 0
2 34 141 0
175 -141 54 0
142 -102 -80 0
50 -142 -182 0
-134 143 171 0
87 -143 -66 0
196 63 144 0
163 -144 83 0
-55 145 -84 0
-15 -35 -145 0
9 146 6 0
-146 57 -143 0
177 147 23 0
58 26 -147 0
147 148 -7 0
182 -95 -148 0
149 41 -6 0
189 134 -149 0
50 46 150 0
-150 74 141 0
78 151 5 0
-164 -151 172 0
89 152 -59 0
-177 -152 130 0
153 36 -80 0
73 -163 -153 0
-125 101 154 0
-154 54 -48 0
155 -139 183 0
-155 -42 -39 0
91 156 -19 0
-179 -156 33 0
157 -31 -195 0
6 119 -157 0
138 158 25 0
-158 44 81 0
134 58 159 0
-159 172 -168 0
89 160 163 0
-76 -187 -160 0
-44 161 59 0
-161 -73 125 0
103 -155 162 0
-31 -159 -162 0
163 1 -121 0
-71 -163 -59 0
86 164 43 0
-164 193 19 0
150 -122 165 0
-34 -165 168 0
95 166 98 0
91 143 -166 0
167 103 130 0
-167 180 -194 0
-176 168 128 0
53 -168 -175 0
-103 169 -143 0
-23 -169 -37 0
27 138 170 0
52 -170 167 0
-172 -10 171 0
48 -171 -38 0
166 168 172 0
-172 -170 77 0
173 163 138 0
102 -173 -78 0
-129 135 174 0
183 -24 -174 0
175 -104 -58 0
180 -198 -175 0
-138 70 176 0
-176 55 171 0
23 177 169 0
121 -176 -177 0
19 -52 178 0
-33 182 -178 0
179 -77 52 0
-179 107 84 0
180 27 -75 0
-127 -180 -95 0
-50 -139 181 0
114 -181 31 0
-191 -173 182 0
126 -64 -182 0
146 183 -101 0
-183 75 -147 0
184 25 -15 0
-121 -10 -184 0
51 185 -138 0
-116 -185 2 0
186 139 29 0
-186 31 -107 0
187 -130 -11 0
31 121 -187 0
-82 188 -126 0
-148 -122 -188 0
38 143 189 0
-139 93 -189 0
190 3 63 0
-45 -112 -190 0
-173 191 -118 0
-191 190 -116 0
35 192 61 0
-58 -192 163 0
189 193 -63 0
-193 180 79 0
99 194 -28 0
15 -194 200 0
159 43 195 0
-195 -11 100 0
196 22 -138 0
-196 -80 -166 0
155 108 197 0
136 145 -197 0
37 198 81 0
134 -79 -198 0
71 -19 199 0
-199 171 33 0
-12 200 129 0
-200 -143 199 0
174 42 120 0
-138 -58 17 0
-102 174 -111 0
-164 119 -26 0
158 57 92 0
-23 27 -114 0
-33 107 115 0
153 99 46 0
45 -12 -78 0
-95 -139 114 0
82 -150 179 0
13 91 -4 0
-115 98 190 0
-166 98 190 0
136 9 60 0
-3 -52 135 0
-132 -153 -166 0
-199 126 -51 0
-168 107 -95 0
157 -150 73 0
-148 -109 -90 0
100 72 53 0
-26 -41 -65 0
-167 -186 -172 0
-189 1 97 0
176 -65 62 0
-64 -141 -103 0
128 191 195 0
95 -30 199 0
-77 -18 -49 0
-132 -159 -97 0
162 -144 -70 0
162 186 154 0
190 -196 -127 0
61 -77 155 0
-150 49 22 0
-85 -142 46 0
125 95 145 0
-150 60 -27 0
-131 -117 66 0
174 51 -78 0
167 140 -132 0
-31 -167 68 0
142 40 -38 0
44 -127 -95 0
-138 129 -151 0
-179 175 4 0
-114 -180 110 0
159 -158 -107 0
-186 -193 -136 0
-183 -37 75 0
151 -25 1 0
-163 -65 -143 0
-82 -154 55 0
-106 50 185 0
117 77 -142 0
-158 -47 -91 0
110 -194 99 0
-53 73 116 0
138 198 26 0
-161 -146 -157 0
-92 181 -49 0
118 -57 89 0
-61 -183 -6 0
-140 120 194 0
35 -107 33 0
23 13 158 0
-52 100 116 0
-81 -37 -68 0
176 -111 10 0
-36 -23 90 0
-67 -197 -190 0
7 -151 57 0
-5 -2 153 0
-29 -97 -62 0
-98 -13 46 0
91 -83 149 0
150 -196 175 0
-77 194 127 0
-93 -11 -69 0
161 28 179 0
-95 -100 34 0
-161 -56 -191 0
138 166 195 0
113 35 163 0
-71 -152 51 0
-24 -117 -193 0
-186 -43 5 0
-178 -50 -173 0
-33 -31 181 0
177 69 64 0
-40 34 115 0
-49 148 143 0
-96 170 117 0
114 -32 180 0
56 29 81 0
-4 -16 -51 0
184 -190 62 0
-144 134 78 0
163 194 -33 0
-196 52 133 0
-101 13 -163 0
-89 -95 139 0
65 -103 -163 0
-45 -97 -129 0
-178 165 -81 0
-162 142 86 0
-188 -30 141 0
-120 -194 -168 0
52 -111 -182 0
79 173 117 0
-84 -180 -132 0
-143 -150 40 0
-139 -157 10 0
170 -143 -73 0
-15 -123 -95 0
-82 66 -4 0
-54 124 -142 0
-79 -9 -85 0
-36 38 -55 0
-145 64 130 0
110 -121 167 0
23 -41 73 0
144 -27 -20 0
-74 -151 -140 0
-89 196 81 0
-165 28 -114 0
58 -25 -6 0
55 -138 91 0
-154 155 57 0
52 -39 -121 0
157 -128 48 0
115 -129 -17 0
195 -56 -76 0
172 -96 -194 0
35 -101 16 0
50 -29 51 0
-50 102 93 0
-2 -47 185 0
190 -37 199 0
-30 -165 -26 0
-29 150 -13 0
-120 -109 -67 0
-115 90 -36 0
-63 -145 -192 0
181 -138 -15 0
-109 198 127 0
75 106 98 0
-45 168 -195 0
186 38 99 0
137 -174 -1 0
67 125 -173 0
-130 -34 59 0
-112 -24 -111 0
-166 -172 -171 0
-150 -70 -141 0
193 149 179 0
-82 68 -147 0
148 -68 71 0
134 57 8 0
-161 -183 -159 0
-25 34 -14 0
164 -82 -140 0
147 -198 -164 0
-114 93 -104 0
133 -157 10 0
179 153 -76 0
-169 184 110 0
-187 -2 86 0
-169 8 -188 0
-189 1 5 0
-113 -88 176 0
185 179 -14 0
-34 -130 -57 0
-33 -91 -19 0
-115 152 -177 0
-125 197 169 0
-60 -22 169 0
14 -111 7 0
-137 -180 172 0
116 -53 -88 0
-151 -189 -50 0
135 -107 -109 0
200 121 102 0
12 164 181 0
6 -41 117 0
-8 17 5 0
-25 -137 188 0
5 42 -85 0
-31 177 -135 0
-84 98 -59 0
90 -164 -114 0
-53 14 166 0
63 48 200 0
174 -157 -72 0
-170 51 -147 0
-23 187 49 0
-3 -67 146 0
-141 -51 -82 0
108 -60 -192 0
158 32 -166 0
171 105 -1 0
171 -105 23 0
-46 -171 -110 0
-130 52 185 0
134 200 -118 0
49 116 9 0
-176 11 -165 0
-37 113 70 0
127 183 -69 0
172 17 -90 0
-193 -139 -125 0
-37 139 199 0
-100 147 -154 0
-103 -138 -65 0
117 59 133 0
-24 61 -151 0
123 175 126 0
28 81 167 0
156 -160 15 0
-141 41 -69 0
-150 110 -29 0
56 9 -88 0
77 -101 29 0
-121 -98 -70 0
146 109 -35 0
7 -5 -55 0
123 10 125 0
158 -92 124 0
-97 107 -163 0
160 37 -64 0
139 -82 98 0
134 -63 61 0
78 -112 -160 0
47 80 109 0
-13 175 -146 0
-197 113 153 0
35 -183 -142 0
-200 -60 99 0
49 173 -95 0
120 -46 166 0
-129 176 -131 0
-199 -124 -140 0
-102 167 180 0
136 -133 29 0
-51 59 107 0
-10 94 -38 0
97 103 -25 0
132 -89 151 0
-168 170 143 0
-33 80 141 0
2 -80 -109 0
-166 91 -111 0
174 9 -191 0
110 37 -89 0
109 -41 198 0
-39 -181 -122 0
-46 -160 -108 0
-31 78 19 0
117 -189 45 0
-74 138 -71 0
-77 -78 -55 0
-38 39 122 0
-36 146 -64 0
155 152 93 0
129 110 13 0
-116 -155 -139 0
95 14 -126 0
-76 43 113 0
91 167 159 0
58 6 129 0
-133 -145 -11 0
-9 -59 175 0
102 -175 49 0
47 54 -52 0
49 121 -108 0
33 148 106 0
30 78 128 0
35 140 52 0
144 52 -69 0
123 -131 -76 0
-17 165 -65 0
-17 -63 36 0
22 127 38 0
-88 4 -94 0
113 146 130 0
-105 -43 -77 0
-128 -7 -173 0
-62 173 42 0
142 -158 -80 0
60 -77 -74 0
101 19 -141 0
-112 -140 -138 0
25 -15 111 0
142 -80 -164 0
150 25 -29 0
-147 -140 -137 0
69 79 115 0
144 -37 81 0
85 -69 100 0
26 -91 -89 0
-173 110 91 0
109 -115 -135 0
115 114 -10 0
-40 103 -5 0
-28 26 -36 0
54 -45 86 0
78 23 50 0
-20 -17 -86 0
127 61 -131 0
139 -14 27 0
141 174 75 0
-86 -102 45 0
-8 -152 92 0
-41 -81 -72 0
-116 -101 114 0
172 128 58 0
-93 90 -9 0
-37 -57 119 0
139 15 -153 0
135 -127 41 0
132 -91 -157 0
-96 79 -75 0
72 77 -6 0
51 -54 169 0
128 150 106 0
-7 117 160 0
143 168 -35 0
-133 70 -97 0
106 -89 90 0
78 -137 100 0
122 -1 151 0
117 91 -122 0
124 49 -159 0
-160 153 87 0
-16 -103 -158 0
-162 -59 -154 0
-14 -77 9 0
48 -53 -103 0
-7 84 -142 0
-114 -59 95 0
75 -160 89 0
-147 -135 124 0
-34 -142 106 0
-126 -5 -112 0
84 -37 38 0
-34 32 -21 0
-170 56 103 0
-171 69 -163 0
130 155 -166 0


